0 1
0 25
0 26
1 2
1 25
1 26
1 27
2 3
2 26
2 27
2 28
3 4
3 27
3 28
3 29
4 5
4 28
4 29
4 30
5 6
5 29
5 30
5 31
6 7
6 30
6 31
6 32
7 8
7 31
7 32
7 33
8 9
8 32
8 33
8 34
9 10
9 33
9 34
9 35
10 11
10 34
10 35
10 36
11 12
11 35
11 36
11 37
12 13
12 36
12 37
12 38
13 14
13 37
13 38
13 39
14 15
14 38
14 39
14 40
15 16
15 39
15 40
15 41
16 17
16 40
16 41
16 42
17 18
17 41
17 42
17 43
18 19
18 42
18 43
18 44
19 20
19 43
19 44
19 45
20 21
20 44
20 45
20 46
21 22
21 45
21 46
21 47
22 23
22 46
22 47
22 48
23 24
23 47
23 48
23 49
24 48
24 49
25 26
25 50
25 51
26 27
26 50
26 51
26 52
27 28
27 51
27 52
27 53
28 29
28 52
28 53
28 54
29 30
29 53
29 54
29 55
30 31
30 54
30 55
30 56
31 32
31 55
31 56
31 57
32 33
32 56
32 57
32 58
33 34
33 57
33 58
33 59
34 35
34 58
34 59
34 60
35 36
35 59
35 60
35 61
36 37
36 60
36 61
36 62
37 38
37 61
37 62
37 63
38 39
38 62
38 63
38 64
39 40
39 63
39 64
39 65
40 41
40 64
40 65
40 66
41 42
41 65
41 66
41 67
42 43
42 66
42 67
42 68
43 44
43 67
43 68
43 69
44 45
44 68
44 69
44 70
45 46
45 69
45 70
45 71
46 47
46 70
46 71
46 72
47 48
47 71
47 72
47 73
48 49
48 72
48 73
48 74
49 73
49 74
50 51
50 75
50 76
51 52
51 75
51 76
51 77
52 53
52 76
52 77
52 78
53 54
53 77
53 78
53 79
54 55
54 78
54 79
54 80
55 56
55 79
55 80
55 81
56 57
56 80
56 81
56 82
57 58
57 81
57 82
57 83
58 59
58 82
58 83
58 84
59 60
59 83
59 84
59 85
60 61
60 84
60 85
60 86
61 62
61 85
61 86
61 87
62 63
62 86
62 87
62 88
63 64
63 87
63 88
63 89
64 65
64 88
64 89
64 90
65 66
65 89
65 90
65 91
66 67
66 90
66 91
66 92
67 68
67 91
67 92
67 93
68 69
68 92
68 93
68 94
69 70
69 93
69 94
69 95
70 71
70 94
70 95
70 96
71 72
71 95
71 96
71 97
72 73
72 96
72 97
72 98
73 74
73 97
73 98
73 99
74 98
74 99
75 76
75 100
75 101
76 77
76 100
76 101
76 102
77 78
77 101
77 102
77 103
78 79
78 102
78 103
78 104
79 80
79 103
79 104
79 105
80 81
80 104
80 105
80 106
81 82
81 105
81 106
81 107
82 83
82 106
82 107
82 108
83 84
83 107
83 108
83 109
84 85
84 108
84 109
84 110
85 86
85 109
85 110
85 111
86 87
86 110
86 111
86 112
87 88
87 111
87 112
87 113
88 89
88 112
88 113
88 114
89 90
89 113
89 114
89 115
90 91
90 114
90 115
90 116
91 92
91 115
91 116
91 117
92 93
92 116
92 117
92 118
93 94
93 117
93 118
93 119
94 95
94 118
94 119
94 120
95 96
95 119
95 120
95 121
96 97
96 120
96 121
96 122
97 98
97 121
97 122
97 123
98 99
98 122
98 123
98 124
99 123
99 124
100 101
100 125
100 126
101 102
101 125
101 126
101 127
102 103
102 126
102 127
102 128
103 104
103 127
103 128
103 129
104 105
104 128
104 129
104 130
105 106
105 129
105 130
105 131
106 107
106 130
106 131
106 132
107 108
107 131
107 132
107 133
108 109
108 132
108 133
108 134
109 110
109 133
109 134
109 135
110 111
110 134
110 135
110 136
111 112
111 135
111 136
111 137
112 113
112 136
112 137
112 138
113 114
113 137
113 138
113 139
114 115
114 138
114 139
114 140
115 116
115 139
115 140
115 141
116 117
116 140
116 141
116 142
117 118
117 141
117 142
117 143
118 119
118 142
118 143
118 144
119 120
119 143
119 144
119 145
120 121
120 144
120 145
120 146
121 122
121 145
121 146
121 147
122 123
122 146
122 147
122 148
123 124
123 147
123 148
123 149
124 148
124 149
125 126
125 150
125 151
126 127
126 150
126 151
126 152
127 128
127 151
127 152
127 153
128 129
128 152
128 153
128 154
129 130
129 153
129 154
129 155
130 131
130 154
130 155
130 156
131 132
131 155
131 156
131 157
132 133
132 156
132 157
132 158
133 134
133 157
133 158
133 159
134 135
134 158
134 159
134 160
135 136
135 159
135 160
135 161
136 137
136 160
136 161
136 162
137 138
137 161
137 162
137 163
138 139
138 162
138 163
138 164
139 140
139 163
139 164
139 165
140 141
140 164
140 165
140 166
141 142
141 165
141 166
141 167
142 143
142 166
142 167
142 168
143 144
143 167
143 168
143 169
144 145
144 168
144 169
144 170
145 146
145 169
145 170
145 171
146 147
146 170
146 171
146 172
147 148
147 171
147 172
147 173
148 149
148 172
148 173
148 174
149 173
149 174
150 151
150 175
150 176
151 152
151 175
151 176
151 177
152 153
152 176
152 177
152 178
153 154
153 177
153 178
153 179
154 155
154 178
154 179
154 180
155 156
155 179
155 180
155 181
156 157
156 180
156 181
156 182
157 158
157 181
157 182
157 183
158 159
158 182
158 183
158 184
159 160
159 183
159 184
159 185
160 161
160 184
160 185
160 186
161 162
161 185
161 186
161 187
162 163
162 186
162 187
162 188
163 164
163 187
163 188
163 189
164 165
164 188
164 189
164 190
165 166
165 189
165 190
165 191
166 167
166 190
166 191
166 192
167 168
167 191
167 192
167 193
168 169
168 192
168 193
168 194
169 170
169 193
169 194
169 195
170 171
170 194
170 195
170 196
171 172
171 195
171 196
171 197
172 173
172 196
172 197
172 198
173 174
173 197
173 198
173 199
174 198
174 199
175 176
175 200
175 201
176 177
176 200
176 201
176 202
177 178
177 201
177 202
177 203
178 179
178 202
178 203
178 204
179 180
179 203
179 204
179 205
180 181
180 204
180 205
180 206
181 182
181 205
181 206
181 207
182 183
182 206
182 207
182 208
183 184
183 207
183 208
183 209
184 185
184 208
184 209
184 210
185 186
185 209
185 210
185 211
186 187
186 210
186 211
186 212
187 188
187 211
187 212
187 213
188 189
188 212
188 213
188 214
189 190
189 213
189 214
189 215
190 191
190 214
190 215
190 216
191 192
191 215
191 216
191 217
192 193
192 216
192 217
192 218
193 194
193 217
193 218
193 219
194 195
194 218
194 219
194 220
195 196
195 219
195 220
195 221
196 197
196 220
196 221
196 222
197 198
197 221
197 222
197 223
198 199
198 222
198 223
198 224
199 223
199 224
200 201
200 225
200 226
201 202
201 225
201 226
201 227
202 203
202 226
202 227
202 228
203 204
203 227
203 228
203 229
204 205
204 228
204 229
204 230
205 206
205 229
205 230
205 231
206 207
206 230
206 231
206 232
207 208
207 231
207 232
207 233
208 209
208 232
208 233
208 234
209 210
209 233
209 234
209 235
210 211
210 234
210 235
210 236
211 212
211 235
211 236
211 237
212 213
212 236
212 237
212 238
213 214
213 237
213 238
213 239
214 215
214 238
214 239
214 240
215 216
215 239
215 240
215 241
216 217
216 240
216 241
216 242
217 218
217 241
217 242
217 243
218 219
218 242
218 243
218 244
219 220
219 243
219 244
219 245
220 221
220 244
220 245
220 246
221 222
221 245
221 246
221 247
222 223
222 246
222 247
222 248
223 224
223 247
223 248
223 249
224 248
224 249
225 226
225 250
225 251
226 227
226 250
226 251
226 252
227 228
227 251
227 252
227 253
228 229
228 252
228 253
228 254
229 230
229 253
229 254
229 255
230 231
230 254
230 255
230 256
231 232
231 255
231 256
231 257
232 233
232 256
232 257
232 258
233 234
233 257
233 258
233 259
234 235
234 258
234 259
234 260
235 236
235 259
235 260
235 261
236 237
236 260
236 261
236 262
237 238
237 261
237 262
237 263
238 239
238 262
238 263
238 264
239 240
239 263
239 264
239 265
240 241
240 264
240 265
240 266
241 242
241 265
241 266
241 267
242 243
242 266
242 267
242 268
243 244
243 267
243 268
243 269
244 245
244 268
244 269
244 270
245 246
245 269
245 270
245 271
246 247
246 270
246 271
246 272
247 248
247 271
247 272
247 273
248 249
248 272
248 273
248 274
249 273
249 274
250 251
250 275
250 276
251 252
251 275
251 276
251 277
252 253
252 276
252 277
252 278
253 254
253 277
253 278
253 279
254 255
254 278
254 279
254 280
255 256
255 279
255 280
255 281
256 257
256 280
256 281
256 282
257 258
257 281
257 282
257 283
258 259
258 282
258 283
258 284
259 260
259 283
259 284
259 285
260 261
260 284
260 285
260 286
261 262
261 285
261 286
261 287
262 263
262 286
262 287
262 288
263 264
263 287
263 288
263 289
264 265
264 288
264 289
264 290
265 266
265 289
265 290
265 291
266 267
266 290
266 291
266 292
267 268
267 291
267 292
267 293
268 269
268 292
268 293
268 294
269 270
269 293
269 294
269 295
270 271
270 294
270 295
270 296
271 272
271 295
271 296
271 297
272 273
272 296
272 297
272 298
273 274
273 297
273 298
273 299
274 298
274 299
275 276
275 300
275 301
276 277
276 300
276 301
276 302
277 278
277 301
277 302
277 303
278 279
278 302
278 303
278 304
279 280
279 303
279 304
279 305
280 281
280 304
280 305
280 306
281 282
281 305
281 306
281 307
282 283
282 306
282 307
282 308
283 284
283 307
283 308
283 309
284 285
284 308
284 309
284 310
285 286
285 309
285 310
285 311
286 287
286 310
286 311
286 312
287 288
287 311
287 312
287 313
288 289
288 312
288 313
288 314
289 290
289 313
289 314
289 315
290 291
290 314
290 315
290 316
291 292
291 315
291 316
291 317
292 293
292 316
292 317
292 318
293 294
293 317
293 318
293 319
294 295
294 318
294 319
294 320
295 296
295 319
295 320
295 321
296 297
296 320
296 321
296 322
297 298
297 321
297 322
297 323
298 299
298 322
298 323
298 324
299 323
299 324
300 301
300 325
300 326
301 302
301 325
301 326
301 327
302 303
302 326
302 327
302 328
303 304
303 327
303 328
303 329
304 305
304 328
304 329
304 330
305 306
305 329
305 330
305 331
306 307
306 330
306 331
306 332
307 308
307 331
307 332
307 333
308 309
308 332
308 333
308 334
309 310
309 333
309 334
309 335
310 311
310 334
310 335
310 336
311 312
311 335
311 336
311 337
312 313
312 336
312 337
312 338
313 314
313 337
313 338
313 339
314 315
314 338
314 339
314 340
315 316
315 339
315 340
315 341
316 317
316 340
316 341
316 342
317 318
317 341
317 342
317 343
318 319
318 342
318 343
318 344
319 320
319 343
319 344
319 345
320 321
320 344
320 345
320 346
321 322
321 345
321 346
321 347
322 323
322 346
322 347
322 348
323 324
323 347
323 348
323 349
324 348
324 349
325 326
325 350
325 351
326 327
326 350
326 351
326 352
327 328
327 351
327 352
327 353
328 329
328 352
328 353
328 354
329 330
329 353
329 354
329 355
330 331
330 354
330 355
330 356
331 332
331 355
331 356
331 357
332 333
332 356
332 357
332 358
333 334
333 357
333 358
333 359
334 335
334 358
334 359
334 360
335 336
335 359
335 360
335 361
336 337
336 360
336 361
336 362
337 338
337 361
337 362
337 363
338 339
338 362
338 363
338 364
339 340
339 363
339 364
339 365
340 341
340 364
340 365
340 366
341 342
341 365
341 366
341 367
342 343
342 366
342 367
342 368
343 344
343 367
343 368
343 369
344 345
344 368
344 369
344 370
345 346
345 369
345 370
345 371
346 347
346 370
346 371
346 372
347 348
347 371
347 372
347 373
348 349
348 372
348 373
348 374
349 373
349 374
350 351
350 375
350 376
351 352
351 375
351 376
351 377
352 353
352 376
352 377
352 378
353 354
353 377
353 378
353 379
354 355
354 378
354 379
354 380
355 356
355 379
355 380
355 381
356 357
356 380
356 381
356 382
357 358
357 381
357 382
357 383
358 359
358 382
358 383
358 384
359 360
359 383
359 384
359 385
360 361
360 384
360 385
360 386
361 362
361 385
361 386
361 387
362 363
362 386
362 387
362 388
363 364
363 387
363 388
363 389
364 365
364 388
364 389
364 390
365 366
365 389
365 390
365 391
366 367
366 390
366 391
366 392
367 368
367 391
367 392
367 393
368 369
368 392
368 393
368 394
369 370
369 393
369 394
369 395
370 371
370 394
370 395
370 396
371 372
371 395
371 396
371 397
372 373
372 396
372 397
372 398
373 374
373 397
373 398
373 399
374 398
374 399
375 376
375 400
375 401
376 377
376 400
376 401
376 402
377 378
377 401
377 402
377 403
378 379
378 402
378 403
378 404
379 380
379 403
379 404
379 405
380 381
380 404
380 405
380 406
381 382
381 405
381 406
381 407
382 383
382 406
382 407
382 408
383 384
383 407
383 408
383 409
384 385
384 408
384 409
384 410
385 386
385 409
385 410
385 411
386 387
386 410
386 411
386 412
387 388
387 411
387 412
387 413
388 389
388 412
388 413
388 414
389 390
389 413
389 414
389 415
390 391
390 414
390 415
390 416
391 392
391 415
391 416
391 417
392 393
392 416
392 417
392 418
393 394
393 417
393 418
393 419
394 395
394 418
394 419
394 420
395 396
395 419
395 420
395 421
396 397
396 420
396 421
396 422
397 398
397 421
397 422
397 423
398 399
398 422
398 423
398 424
399 423
399 424
400 401
400 425
400 426
401 402
401 425
401 426
401 427
402 403
402 426
402 427
402 428
403 404
403 427
403 428
403 429
404 405
404 428
404 429
404 430
405 406
405 429
405 430
405 431
406 407
406 430
406 431
406 432
407 408
407 431
407 432
407 433
408 409
408 432
408 433
408 434
409 410
409 433
409 434
409 435
410 411
410 434
410 435
410 436
411 412
411 435
411 436
411 437
412 413
412 436
412 437
412 438
413 414
413 437
413 438
413 439
414 415
414 438
414 439
414 440
415 416
415 439
415 440
415 441
416 417
416 440
416 441
416 442
417 418
417 441
417 442
417 443
418 419
418 442
418 443
418 444
419 420
419 443
419 444
419 445
420 421
420 444
420 445
420 446
421 422
421 445
421 446
421 447
422 423
422 446
422 447
422 448
423 424
423 447
423 448
423 449
424 448
424 449
425 426
425 450
425 451
426 427
426 450
426 451
426 452
427 428
427 451
427 452
427 453
428 429
428 452
428 453
428 454
429 430
429 453
429 454
429 455
430 431
430 454
430 455
430 456
431 432
431 455
431 456
431 457
432 433
432 456
432 457
432 458
433 434
433 457
433 458
433 459
434 435
434 458
434 459
434 460
435 436
435 459
435 460
435 461
436 437
436 460
436 461
436 462
437 438
437 461
437 462
437 463
438 439
438 462
438 463
438 464
439 440
439 463
439 464
439 465
440 441
440 464
440 465
440 466
441 442
441 465
441 466
441 467
442 443
442 466
442 467
442 468
443 444
443 467
443 468
443 469
444 445
444 468
444 469
444 470
445 446
445 469
445 470
445 471
446 447
446 470
446 471
446 472
447 448
447 471
447 472
447 473
448 449
448 472
448 473
448 474
449 473
449 474
450 451
450 475
450 476
451 452
451 475
451 476
451 477
452 453
452 476
452 477
452 478
453 454
453 477
453 478
453 479
454 455
454 478
454 479
454 480
455 456
455 479
455 480
455 481
456 457
456 480
456 481
456 482
457 458
457 481
457 482
457 483
458 459
458 482
458 483
458 484
459 460
459 483
459 484
459 485
460 461
460 484
460 485
460 486
461 462
461 485
461 486
461 487
462 463
462 486
462 487
462 488
463 464
463 487
463 488
463 489
464 465
464 488
464 489
464 490
465 466
465 489
465 490
465 491
466 467
466 490
466 491
466 492
467 468
467 491
467 492
467 493
468 469
468 492
468 493
468 494
469 470
469 493
469 494
469 495
470 471
470 494
470 495
470 496
471 472
471 495
471 496
471 497
472 473
472 496
472 497
472 498
473 474
473 497
473 498
473 499
474 498
474 499
475 476
475 500
475 501
476 477
476 500
476 501
476 502
477 478
477 501
477 502
477 503
478 479
478 502
478 503
478 504
479 480
479 503
479 504
479 505
480 481
480 504
480 505
480 506
481 482
481 505
481 506
481 507
482 483
482 506
482 507
482 508
483 484
483 507
483 508
483 509
484 485
484 508
484 509
484 510
485 486
485 509
485 510
485 511
486 487
486 510
486 511
486 512
487 488
487 511
487 512
487 513
488 489
488 512
488 513
488 514
489 490
489 513
489 514
489 515
490 491
490 514
490 515
490 516
491 492
491 515
491 516
491 517
492 493
492 516
492 517
492 518
493 494
493 517
493 518
493 519
494 495
494 518
494 519
494 520
495 496
495 519
495 520
495 521
496 497
496 520
496 521
496 522
497 498
497 521
497 522
497 523
498 499
498 522
498 523
498 524
499 523
499 524
500 501
500 525
500 526
501 502
501 525
501 526
501 527
502 503
502 526
502 527
502 528
503 504
503 527
503 528
503 529
504 505
504 528
504 529
504 530
505 506
505 529
505 530
505 531
506 507
506 530
506 531
506 532
507 508
507 531
507 532
507 533
508 509
508 532
508 533
508 534
509 510
509 533
509 534
509 535
510 511
510 534
510 535
510 536
511 512
511 535
511 536
511 537
512 513
512 536
512 537
512 538
513 514
513 537
513 538
513 539
514 515
514 538
514 539
514 540
515 516
515 539
515 540
515 541
516 517
516 540
516 541
516 542
517 518
517 541
517 542
517 543
518 519
518 542
518 543
518 544
519 520
519 543
519 544
519 545
520 521
520 544
520 545
520 546
521 522
521 545
521 546
521 547
522 523
522 546
522 547
522 548
523 524
523 547
523 548
523 549
524 548
524 549
525 526
525 550
525 551
526 527
526 550
526 551
526 552
527 528
527 551
527 552
527 553
528 529
528 552
528 553
528 554
529 530
529 553
529 554
529 555
530 531
530 554
530 555
530 556
531 532
531 555
531 556
531 557
532 533
532 556
532 557
532 558
533 534
533 557
533 558
533 559
534 535
534 558
534 559
534 560
535 536
535 559
535 560
535 561
536 537
536 560
536 561
536 562
537 538
537 561
537 562
537 563
538 539
538 562
538 563
538 564
539 540
539 563
539 564
539 565
540 541
540 564
540 565
540 566
541 542
541 565
541 566
541 567
542 543
542 566
542 567
542 568
543 544
543 567
543 568
543 569
544 545
544 568
544 569
544 570
545 546
545 569
545 570
545 571
546 547
546 570
546 571
546 572
547 548
547 571
547 572
547 573
548 549
548 572
548 573
548 574
549 573
549 574
550 551
550 575
550 576
551 552
551 575
551 576
551 577
552 553
552 576
552 577
552 578
553 554
553 577
553 578
553 579
554 555
554 578
554 579
554 580
555 556
555 579
555 580
555 581
556 557
556 580
556 581
556 582
557 558
557 581
557 582
557 583
558 559
558 582
558 583
558 584
559 560
559 583
559 584
559 585
560 561
560 584
560 585
560 586
561 562
561 585
561 586
561 587
562 563
562 586
562 587
562 588
563 564
563 587
563 588
563 589
564 565
564 588
564 589
564 590
565 566
565 589
565 590
565 591
566 567
566 590
566 591
566 592
567 568
567 591
567 592
567 593
568 569
568 592
568 593
568 594
569 570
569 593
569 594
569 595
570 571
570 594
570 595
570 596
571 572
571 595
571 596
571 597
572 573
572 596
572 597
572 598
573 574
573 597
573 598
573 599
574 598
574 599
575 576
575 600
575 601
576 577
576 600
576 601
576 602
577 578
577 601
577 602
577 603
578 579
578 602
578 603
578 604
579 580
579 603
579 604
579 605
580 581
580 604
580 605
580 606
581 582
581 605
581 606
581 607
582 583
582 606
582 607
582 608
583 584
583 607
583 608
583 609
584 585
584 608
584 609
584 610
585 586
585 609
585 610
585 611
586 587
586 610
586 611
586 612
587 588
587 611
587 612
587 613
588 589
588 612
588 613
588 614
589 590
589 613
589 614
589 615
590 591
590 614
590 615
590 616
591 592
591 615
591 616
591 617
592 593
592 616
592 617
592 618
593 594
593 617
593 618
593 619
594 595
594 618
594 619
594 620
595 596
595 619
595 620
595 621
596 597
596 620
596 621
596 622
597 598
597 621
597 622
597 623
598 599
598 622
598 623
598 624
599 623
599 624
600 601
601 602
602 603
603 604
604 605
605 606
606 607
607 608
608 609
609 610
610 611
611 612
612 613
613 614
614 615
615 616
616 617
617 618
618 619
619 620
620 621
621 622
622 623
623 624
