0 46
0 71
0 97
0 101
0 112
0 117
0 234
0 312
0 338
0 368
0 375
0 478
1 72
1 139
1 195
1 228
1 271
1 353
2 36
2 47
2 159
2 210
2 288
2 297
2 413
2 424
3 81
3 115
3 118
3 187
3 196
3 264
3 319
3 351
3 352
4 48
4 63
4 126
4 176
4 232
4 233
4 262
4 387
4 416
4 458
5 78
5 193
5 210
5 261
5 299
5 364
5 422
5 424
5 445
5 491
5 492
6 44
6 86
6 102
6 146
6 162
6 165
6 171
6 188
6 256
6 357
6 390
6 409
6 415
6 437
7 37
7 93
7 122
7 141
7 149
7 198
7 212
7 242
7 248
7 252
7 364
7 422
7 445
7 483
7 496
8 39
8 88
8 237
8 385
8 462
8 473
9 22
9 53
9 169
9 207
9 225
9 327
9 367
10 16
10 106
10 109
10 110
10 161
10 172
10 181
10 202
10 249
10 443
10 480
11 179
11 280
11 354
11 407
11 410
11 427
11 463
11 472
11 490
12 79
12 157
12 230
12 246
12 274
12 303
12 359
12 363
12 421
12 436
12 457
13 70
13 99
13 107
13 145
13 326
13 493
14 34
14 82
14 141
14 153
14 212
14 235
14 240
14 330
14 339
14 435
14 439
14 484
15 89
15 137
15 156
15 218
15 308
15 356
15 361
15 417
16 106
16 131
16 144
16 172
16 184
16 202
16 480
17 236
17 286
17 347
17 350
17 372
17 404
17 410
17 471
18 24
18 30
18 75
18 143
18 284
18 344
18 345
18 426
18 450
19 23
19 43
19 179
19 233
19 295
19 297
19 354
19 374
19 459
19 463
19 472
19 490
19 499
20 103
20 113
20 114
20 134
20 150
20 169
20 278
20 450
20 498
21 52
21 66
21 92
21 332
21 337
21 358
21 384
21 454
21 486
22 53
22 192
22 207
22 225
22 327
22 367
23 43
23 126
23 179
23 233
23 280
23 354
23 459
23 463
23 472
23 490
23 499
24 207
24 327
24 344
24 345
24 426
24 450
25 108
25 192
25 204
25 205
25 225
25 250
25 257
25 282
25 342
25 487
26 45
26 49
26 124
26 245
26 255
26 328
26 446
27 28
27 45
27 55
27 174
27 245
27 251
27 281
27 304
27 307
27 323
27 334
27 348
27 352
27 366
27 414
27 421
28 115
28 264
28 304
28 307
28 334
28 352
28 366
28 414
29 116
29 128
29 154
29 365
29 391
29 411
29 451
30 75
30 134
30 143
30 203
30 284
30 360
30 385
30 426
30 450
31 38
31 73
31 191
31 272
31 313
31 331
32 82
32 122
32 141
32 158
32 170
32 212
32 231
32 235
32 240
32 258
32 330
32 484
33 114
33 127
33 150
33 355
33 409
33 447
34 80
34 135
34 153
34 325
34 333
34 435
35 167
35 183
35 200
35 268
35 341
35 469
36 60
36 156
36 198
36 242
36 288
36 413
36 422
36 424
36 483
37 62
37 93
37 122
37 141
37 149
37 212
37 248
37 252
37 364
37 397
37 445
37 496
38 64
38 184
38 223
38 224
38 272
38 331
38 479
39 44
39 83
39 237
39 385
39 462
39 470
39 473
39 477
39 495
40 42
40 55
40 174
40 189
40 245
40 251
40 269
40 323
40 382
40 395
40 446
41 104
41 177
41 263
41 265
41 291
41 316
41 317
41 389
41 393
41 394
41 430
41 441
41 481
42 124
42 189
42 213
42 324
42 382
42 395
42 446
43 120
43 179
43 217
43 254
43 280
43 294
43 295
43 297
43 374
43 407
43 427
43 459
43 463
43 490
43 499
44 86
44 102
44 146
44 162
44 165
44 188
44 415
44 437
44 477
44 495
45 55
45 174
45 245
45 246
45 251
45 281
45 348
45 366
45 421
45 446
46 71
46 97
46 101
46 112
46 117
46 234
46 312
46 338
46 368
46 375
46 478
47 210
47 288
47 297
47 413
47 424
48 63
48 173
48 208
48 232
48 262
48 273
48 276
48 371
48 387
48 416
48 449
48 458
49 105
49 121
49 124
49 213
49 275
49 309
49 324
49 328
49 464
50 61
50 74
50 84
50 130
50 152
50 186
50 433
50 455
50 488
51 96
51 268
51 398
51 453
51 469
52 66
52 92
52 277
52 332
52 337
52 358
52 454
52 486
53 192
53 207
53 225
53 327
53 367
54 132
54 148
54 155
54 190
54 211
54 238
54 400
55 174
55 245
55 251
55 269
55 281
55 323
55 348
55 366
55 382
55 395
55 446
56 63
56 77
56 137
56 176
56 215
56 218
56 232
56 262
56 340
56 343
56 370
56 381
56 388
56 417
56 458
57 219
57 227
57 322
57 402
58 67
58 90
58 142
58 148
58 177
58 197
58 211
58 238
58 241
58 279
58 405
58 441
58 481
59 90
59 185
59 197
59 199
59 201
59 263
59 267
59 290
59 291
59 389
59 393
59 428
59 441
59 482
59 494
60 156
60 198
60 242
60 422
60 424
60 483
61 74
61 84
61 152
61 186
61 318
61 433
61 455
61 461
61 488
62 149
62 248
62 252
62 270
62 364
62 397
62 423
63 77
63 126
63 176
63 232
63 233
63 262
63 340
63 387
63 458
64 77
64 224
64 226
64 340
64 388
64 399
64 479
65 180
65 209
65 216
65 247
65 259
65 285
65 315
65 335
65 336
65 386
65 432
65 465
66 283
66 332
66 358
66 454
66 474
67 90
67 148
67 177
67 238
67 241
67 279
67 405
67 481
68 178
68 194
68 214
68 244
68 253
68 273
68 301
68 383
68 418
68 420
68 466
69 95
69 125
69 140
69 236
69 349
69 379
69 380
69 401
69 431
69 444
69 452
70 99
70 107
70 145
70 292
70 326
70 460
70 493
71 97
71 193
71 312
71 338
71 368
71 375
71 478
72 80
72 135
72 138
72 271
72 333
72 353
72 356
72 434
73 111
73 131
73 166
73 191
73 272
73 313
73 314
74 84
74 130
74 152
74 186
74 256
74 357
74 433
74 455
74 488
75 143
75 203
75 284
75 344
75 360
75 385
75 426
75 450
75 462
76 94
76 125
76 160
76 175
76 379
76 431
76 475
77 176
77 215
77 224
77 232
77 262
77 340
77 343
77 370
77 381
77 388
77 458
77 479
78 193
78 210
78 261
78 299
78 422
78 424
78 445
78 491
78 492
79 157
79 230
79 239
79 246
79 261
79 274
79 298
79 303
79 305
79 359
79 363
79 392
79 436
79 457
79 489
80 135
80 271
80 308
80 325
80 333
80 356
81 118
81 187
81 196
81 362
81 378
81 448
82 141
82 153
82 158
82 170
82 212
82 231
82 235
82 240
82 258
82 330
82 339
82 346
82 439
82 484
83 470
83 473
83 477
84 152
84 186
84 318
84 433
84 455
84 461
84 488
85 109
85 123
85 161
85 164
85 206
85 260
85 321
85 373
85 406
85 485
86 102
86 146
86 162
86 188
86 390
86 415
86 437
86 477
86 495
87 95
87 140
87 178
87 214
87 253
87 301
87 310
87 311
87 401
87 420
88 237
88 385
88 462
88 473
89 156
89 159
89 218
89 361
89 413
90 142
90 148
90 177
90 185
90 197
90 238
90 241
90 279
90 290
90 291
90 389
90 405
90 428
90 441
90 481
90 482
90 494
91 270
91 337
91 384
91 396
91 423
91 467
91 486
92 266
92 277
92 305
92 332
92 337
92 358
92 425
92 454
92 467
92 486
93 122
93 141
93 149
93 198
93 212
93 242
93 248
93 252
93 364
93 397
93 422
93 445
93 483
93 496
94 160
94 175
94 322
94 402
94 475
95 125
95 140
95 253
95 310
95 311
95 349
95 379
95 380
95 401
95 431
95 444
95 452
96 101
96 118
96 268
96 398
97 101
97 112
97 117
97 234
97 312
97 338
97 368
97 375
97 478
98 191
98 226
98 272
98 293
98 306
98 399
98 403
99 107
99 145
99 283
99 292
99 493
100 173
100 184
100 223
100 244
100 273
100 276
100 371
100 418
100 449
101 112
101 234
101 302
101 312
101 412
102 146
102 162
102 165
102 188
102 203
102 415
102 437
102 495
103 113
103 114
103 139
103 150
103 169
103 278
103 498
104 167
104 177
104 200
104 263
104 265
104 291
104 316
104 389
104 393
104 394
104 441
105 119
105 121
105 124
105 255
105 292
105 328
105 425
105 493
106 144
106 161
106 172
106 202
106 468
106 480
107 145
107 283
107 292
107 493
108 204
108 205
108 250
108 257
108 282
108 306
108 342
108 487
109 123
109 161
109 164
109 206
109 216
109 249
109 260
109 285
109 335
109 373
109 480
110 131
110 163
110 166
110 172
110 181
110 202
110 249
110 313
110 314
110 443
111 191
111 272
111 306
111 320
111 442
112 234
112 312
112 338
112 368
112 412
113 114
113 134
113 139
113 150
113 169
113 278
113 498
114 127
114 134
114 150
114 278
114 355
114 498
115 118
115 187
115 196
115 264
115 319
115 351
115 352
115 414
116 128
116 365
116 411
116 451
117 234
117 338
117 368
117 436
117 478
118 187
118 196
118 319
118 351
118 362
118 378
118 398
118 448
119 121
119 168
119 255
119 274
119 277
119 328
119 425
120 179
120 217
120 254
120 280
120 294
120 295
120 300
120 374
120 407
120 427
120 463
120 490
120 499
121 124
121 213
121 275
121 292
121 309
121 324
121 328
121 464
121 493
122 141
122 149
122 158
122 212
122 231
122 235
122 248
122 252
122 258
122 330
122 364
122 496
123 164
123 180
123 209
123 216
123 285
123 315
123 321
123 335
123 373
123 376
123 386
123 406
123 432
124 189
124 213
124 275
124 309
124 324
124 328
124 464
125 140
125 236
125 379
125 380
125 431
125 444
125 452
125 475
126 176
126 233
126 262
126 387
126 458
127 256
127 355
127 409
127 447
128 318
128 365
128 411
128 419
129 147
129 243
129 287
129 476
130 171
130 256
130 357
130 429
130 433
130 455
130 488
131 144
131 163
131 166
131 172
131 181
131 202
131 249
131 313
131 314
131 443
132 155
132 190
132 211
132 238
132 400
133 160
133 329
133 372
133 408
133 471
133 475
134 143
134 150
134 169
134 278
134 450
134 498
135 271
135 325
135 333
136 219
137 215
137 218
137 308
137 343
137 356
137 361
137 370
137 381
137 417
138 215
138 226
138 353
138 370
138 381
138 388
138 434
139 228
139 278
139 325
140 178
140 214
140 236
140 253
140 310
140 311
140 349
140 379
140 380
140 401
140 431
140 444
140 452
141 149
141 158
141 212
141 231
141 235
141 248
141 252
141 258
141 330
141 364
141 435
141 496
142 148
142 185
142 197
142 201
142 238
142 241
142 290
142 428
142 481
142 482
143 203
143 284
143 360
143 426
143 450
144 163
144 166
144 172
144 181
144 184
144 202
144 249
144 331
144 443
145 292
145 326
145 460
145 493
146 162
146 165
146 188
146 203
146 360
146 409
146 415
146 437
146 495
147 205
147 243
147 257
147 438
148 211
148 238
148 241
148 279
148 405
148 481
149 158
149 212
149 231
149 242
149 248
149 252
149 364
149 397
149 445
149 496
150 278
150 355
150 498
151 289
151 476
152 186
152 318
152 433
152 455
152 461
152 488
153 235
153 240
153 330
153 339
153 435
153 439
154 365
154 391
154 411
155 190
155 211
155 238
155 400
156 159
156 361
156 413
157 230
157 239
157 261
157 266
157 298
157 303
157 305
157 359
157 392
157 457
157 489
157 491
158 170
158 212
158 231
158 235
158 248
158 252
158 258
158 330
158 484
159 233
159 413
159 459
160 175
160 475
161 164
161 206
161 260
161 373
161 468
161 480
161 485
162 165
162 188
162 203
162 284
162 360
162 385
162 409
162 495
163 166
163 172
163 181
163 202
163 249
163 313
163 314
163 443
164 206
164 209
164 216
164 285
164 321
164 335
164 373
164 376
164 386
164 406
165 188
165 203
165 284
165 360
165 409
165 495
166 172
166 181
166 202
166 249
166 313
166 314
166 443
167 183
167 200
167 263
167 341
167 393
167 469
168 255
168 266
168 274
168 277
168 305
168 425
169 228
169 278
169 367
169 498
170 231
170 258
170 318
170 346
170 461
170 484
171 188
171 256
171 357
171 390
171 415
171 429
171 437
172 181
172 202
172 249
172 313
172 314
172 443
172 480
173 223
173 224
173 232
173 273
173 276
173 371
173 383
173 387
173 416
173 449
174 245
174 251
174 281
174 307
174 323
174 334
174 348
174 366
174 382
174 395
174 421
174 446
175 475
176 232
176 262
176 340
176 343
176 381
176 387
176 388
176 458
177 241
177 265
177 279
177 316
177 394
177 405
177 430
177 441
177 481
178 194
178 214
178 236
178 253
178 286
178 301
178 311
178 350
178 380
178 401
178 404
178 420
178 466
179 280
179 354
179 374
179 407
179 427
179 463
179 472
179 490
179 499
180 209
180 216
180 247
180 259
180 285
180 315
180 335
180 376
180 386
180 432
180 465
181 202
181 249
181 313
181 314
181 443
182 316
182 317
182 362
182 394
182 448
183 200
183 268
183 294
183 341
183 453
183 469
184 223
184 331
184 371
184 418
185 197
185 201
185 241
185 263
185 267
185 290
185 291
185 389
185 393
185 428
185 441
185 481
185 482
185 494
186 318
186 433
186 455
186 461
186 488
187 196
187 319
187 362
187 378
187 448
188 256
188 357
188 390
188 409
188 415
188 437
188 495
189 213
189 309
189 324
189 382
189 395
189 446
189 497
190 211
190 400
191 272
191 403
192 205
192 225
192 250
192 257
192 282
192 438
193 210
193 299
193 375
193 492
194 214
194 236
194 244
194 253
194 301
194 311
194 383
194 404
194 418
194 420
194 466
195 204
195 228
195 353
195 367
196 264
196 319
196 351
196 352
196 378
197 201
197 241
197 290
197 291
197 389
197 428
197 441
197 481
197 482
197 494
198 242
198 364
198 422
198 424
198 445
198 483
198 496
199 227
199 263
199 267
199 291
199 389
199 393
199 428
199 456
199 494
200 469
201 219
201 267
201 290
201 428
201 482
201 494
202 249
202 313
202 314
202 443
202 480
203 284
203 360
203 385
203 409
203 495
204 342
204 353
205 225
205 250
205 257
205 282
205 438
205 487
206 260
206 321
206 373
206 406
206 468
206 485
207 327
207 345
207 426
208 273
208 276
208 347
208 354
208 383
208 387
208 416
208 449
209 216
209 285
209 315
209 321
209 335
209 373
209 376
209 386
209 432
210 288
210 299
210 375
210 424
211 238
211 279
211 400
212 231
212 235
212 248
212 252
212 258
212 330
212 435
213 275
213 309
213 324
213 328
213 464
213 497
214 236
214 253
214 301
214 310
214 311
214 401
214 420
215 218
215 308
215 340
215 343
215 356
215 370
215 381
215 388
215 417
216 285
216 315
216 321
216 335
216 373
216 376
216 386
216 432
216 465
217 254
217 294
217 295
217 300
217 374
217 407
217 427
217 453
217 463
218 308
218 343
218 356
218 361
218 370
218 381
218 417
219 290
219 482
220 221
220 300
220 329
220 341
220 407
220 456
221 227
221 329
221 456
222 229
222 247
222 285
222 296
222 335
222 336
222 369
222 432
222 465
223 224
223 331
223 371
224 232
224 340
224 371
224 479
225 250
225 257
225 282
225 367
226 293
226 399
226 403
226 434
227 267
227 402
227 456
228 367
229 247
229 296
229 336
229 369
229 465
230 239
230 246
230 261
230 266
230 274
230 298
230 303
230 305
230 359
230 363
230 392
230 457
230 489
231 235
231 248
231 252
231 258
231 270
231 330
231 484
232 262
232 340
232 387
232 458
232 479
233 262
233 387
233 458
233 459
234 312
234 338
234 351
234 368
234 478
235 240
235 258
235 330
235 339
235 435
235 439
235 484
236 253
236 286
236 311
236 350
236 380
236 401
236 404
236 471
237 385
237 462
237 473
238 241
238 279
238 405
238 481
239 261
239 266
239 298
239 305
239 359
239 392
239 457
239 489
239 491
239 492
240 330
240 339
240 439
240 484
241 279
241 405
241 441
241 481
242 364
242 422
242 424
242 445
242 483
242 496
243 287
243 442
243 476
243 487
244 273
244 276
244 383
244 418
244 420
244 449
244 466
245 251
245 281
245 323
245 348
245 366
245 382
245 395
245 421
245 446
246 274
246 303
246 359
246 363
246 421
246 436
246 457
247 285
247 296
247 335
247 336
247 369
247 386
247 432
247 465
248 252
248 258
248 270
248 364
248 397
248 423
248 445
248 496
249 313
249 314
249 443
249 480
250 257
250 282
250 342
250 438
250 487
251 269
251 281
251 304
251 307
251 323
251 334
251 348
251 366
251 421
252 258
252 270
252 364
252 397
252 445
252 496
253 301
253 310
253 311
253 401
253 420
254 268
254 294
254 295
254 302
254 374
254 412
254 427
254 453
255 274
255 277
255 328
255 425
256 357
257 282
257 438
258 330
258 484
259 315
260 373
260 468
260 480
260 485
261 298
261 299
261 359
261 392
261 457
261 489
261 491
261 492
262 340
262 387
262 416
262 458
263 265
263 267
263 291
263 389
263 393
263 428
263 494
264 319
264 351
264 352
264 414
265 291
265 316
265 389
265 393
265 394
265 430
265 441
265 494
266 274
266 277
266 305
266 467
266 486
266 489
267 290
267 291
267 389
267 393
267 428
267 482
267 494
268 398
268 453
268 469
269 304
269 307
269 323
269 382
269 395
270 337
270 384
270 396
270 397
270 423
271 325
271 333
272 293
272 399
272 403
273 276
273 347
273 371
273 383
273 416
273 418
273 449
273 466
274 359
274 457
275 309
275 324
275 464
275 497
276 371
276 383
276 416
276 418
276 449
276 466
277 305
277 358
277 425
277 454
277 467
277 486
278 498
279 405
279 481
280 354
280 407
280 427
280 463
280 472
280 490
280 499
281 334
281 348
281 366
281 421
282 342
282 438
283 292
283 493
284 360
284 385
284 462
284 495
285 315
285 335
285 373
285 386
285 432
285 465
286 350
286 404
286 410
286 471
287 476
288 297
288 413
288 424
290 428
290 482
291 389
291 393
291 428
291 441
291 482
291 494
292 493
293 399
293 403
293 434
294 295
294 300
294 374
294 407
294 427
294 453
294 463
295 297
295 374
295 427
295 459
295 463
295 490
295 499
296 336
296 369
297 374
297 413
297 459
297 499
298 305
298 359
298 392
298 397
298 457
298 489
298 491
298 492
299 422
299 424
299 445
299 491
299 492
300 341
300 407
300 427
300 463
301 310
301 311
301 401
301 420
302 412
302 453
303 359
303 363
303 436
303 457
304 307
304 323
304 334
304 366
304 414
305 392
305 457
305 467
305 486
305 489
306 320
306 342
306 403
306 442
306 487
307 323
307 334
307 366
307 414
308 356
308 361
308 417
309 324
309 464
309 497
310 311
310 401
310 440
311 380
311 401
311 420
312 338
312 368
312 375
312 412
312 478
313 314
313 443
314 443
315 335
315 376
315 386
315 432
316 317
316 394
316 430
316 441
317 394
317 430
318 346
318 419
318 461
319 351
319 352
320 442
321 373
321 376
321 386
321 406
322 402
323 334
323 366
323 382
323 395
324 464
324 497
325 333
326 460
327 345
327 367
327 426
327 450
329 372
329 408
329 456
330 339
330 435
330 439
330 484
332 337
332 358
332 391
332 454
332 486
334 348
334 352
334 366
334 414
335 386
335 432
335 465
336 369
336 432
336 465
337 384
337 396
337 423
337 454
337 467
337 486
337 489
338 368
338 375
338 436
338 478
339 346
339 377
339 439
339 484
340 343
340 370
340 381
340 388
340 417
340 458
340 479
341 456
342 487
343 356
343 370
343 381
343 388
343 417
344 345
344 426
345 426
345 450
346 461
346 484
347 383
347 404
347 410
347 466
348 366
348 421
349 401
349 444
349 452
350 404
350 471
351 352
352 414
353 434
354 463
354 472
354 490
354 499
355 377
355 409
355 447
356 361
356 370
356 381
356 388
356 417
357 390
357 415
357 429
357 437
358 425
358 454
358 467
358 486
359 363
359 436
359 457
360 385
360 409
360 495
361 417
362 378
362 398
362 448
363 421
363 436
363 457
363 478
364 397
364 422
364 445
364 496
365 391
365 411
366 421
368 375
368 436
368 478
369 465
370 381
370 388
370 417
371 416
371 418
371 449
372 408
372 410
372 471
373 376
373 406
373 485
374 407
374 427
374 463
374 490
374 499
375 478
376 386
376 406
377 439
377 447
378 448
379 380
379 431
379 444
379 452
379 475
380 401
380 431
380 444
380 452
381 388
381 417
382 395
382 446
383 404
383 416
383 418
383 449
383 466
384 396
384 423
384 454
384 467
384 486
384 489
385 462
385 473
385 495
386 432
386 465
387 416
387 458
388 417
388 479
389 393
389 428
389 441
389 482
389 494
390 415
390 429
390 437
391 419
392 397
392 489
392 491
392 492
393 428
393 441
393 494
394 430
395 446
396 423
396 467
397 423
397 445
397 491
397 496
399 403
401 444
401 452
404 466
404 471
405 430
405 481
407 427
407 463
407 472
407 490
408 410
410 471
411 451
412 453
413 459
415 429
415 437
416 449
418 420
418 449
418 466
420 466
422 424
422 445
422 483
422 496
424 483
426 450
427 463
427 472
427 490
427 499
428 482
428 494
429 437
430 441
430 481
431 444
431 452
431 475
432 465
433 455
433 488
436 457
436 478
439 484
441 481
442 487
443 480
444 452
445 483
445 492
445 496
450 498
454 467
454 486
455 488
459 490
459 499
461 488
462 473
463 472
463 490
463 499
464 497
467 486
467 489
468 480
468 485
470 473
470 477
472 490
472 499
473 477
477 495
480 485
482 494
483 496
489 491
490 499
491 492
