291 296
291 72
291 50
291 193
291 319
291 358
72 313
72 325
72 470
313 325
313 470
325 470
313 457
470 457
72 358
313 36
313 358
325 358
470 36
470 358
313 484
457 125
457 458
457 484
457 36
125 415
125 124
415 103
415 124
415 468
125 482
415 318
415 482
125 458
125 484
103 124
103 141
103 468
124 468
141 468
103 171
103 295
141 95
141 169
141 171
141 254
141 295
141 322
468 95
468 169
468 171
468 254
468 295
141 101
95 169
95 171
95 254
95 295
95 322
95 349
169 171
169 254
169 295
169 322
169 349
171 254
171 295
171 322
171 349
254 295
254 322
254 349
295 322
295 349
322 349
95 117
95 120
95 494
169 117
169 494
254 65
254 117
254 120
254 222
254 494
295 120
295 494
322 117
322 120
322 494
349 65
349 117
349 120
349 197
349 222
349 417
349 494
295 101
322 101
322 160
349 101
65 117
65 120
65 134
65 197
65 222
65 417
65 494
117 120
117 134
117 197
117 222
117 417
117 494
120 197
120 222
120 417
120 494
134 197
134 222
134 417
134 494
197 222
197 417
197 494
222 417
222 494
417 494
65 311
65 445
65 453
117 311
134 311
134 405
134 445
134 453
134 481
197 311
197 405
197 445
197 453
222 311
222 453
417 311
417 405
417 445
417 453
417 481
120 144
120 362
120 101
311 360
311 405
311 445
311 453
311 481
360 405
360 445
360 453
360 481
405 445
405 453
405 481
445 453
445 481
453 481
311 243
360 92
360 218
360 226
360 243
360 419
405 218
405 226
405 243
405 419
445 218
445 226
445 243
453 218
453 243
481 92
481 218
481 226
481 243
481 419
311 165
360 29
360 165
360 301
360 464
481 165
360 100
481 100
15 92
15 218
15 226
15 243
15 320
15 357
15 419
92 218
92 226
92 243
92 320
92 357
92 419
218 226
218 243
218 320
218 357
218 419
226 243
226 320
226 357
226 419
243 320
243 357
243 419
320 357
320 419
357 419
15 1
15 151
15 227
15 235
15 478
15 493
92 1
92 151
92 227
92 478
92 493
218 1
218 151
218 227
218 478
218 493
226 1
226 151
226 227
226 478
226 493
243 1
243 151
243 227
243 478
243 493
320 1
320 151
320 227
320 235
320 478
320 493
357 1
357 151
357 227
357 235
357 478
357 493
419 1
419 151
419 227
419 235
419 478
419 493
92 100
92 381
218 100
226 100
243 100
357 100
357 381
419 100
15 403
92 403
218 403
226 403
243 403
320 403
357 403
419 403
243 165
243 464
1 151
1 227
1 235
1 478
1 493
151 227
151 235
151 478
151 493
227 235
227 478
227 493
235 478
235 493
478 493
1 403
151 403
151 412
227 403
235 403
478 403
493 403
235 380
151 100
151 381
43 78
43 91
43 149
43 328
43 380
78 91
78 149
78 328
91 149
91 328
149 328
149 337
328 337
78 108
149 108
328 108
328 20
78 287
78 380
149 287
337 20
337 108
50 193
50 319
193 319
50 304
193 304
36 273
36 358
273 358
36 458
36 484
273 79
273 224
273 390
273 304
157 458
157 484
458 484
157 318
157 482
458 482
484 482
157 44
157 350
458 350
484 350
318 482
318 350
482 350
318 251
482 251
101 160
101 144
101 362
160 362
160 259
144 362
144 83
144 300
362 83
362 300
29 165
29 301
29 464
165 301
165 464
301 464
29 100
165 100
165 166
301 100
301 166
464 100
464 166
29 175
29 423
29 437
29 461
165 175
165 423
165 437
165 461
301 175
301 423
301 437
301 461
464 175
464 423
464 437
464 461
464 105
29 83
100 166
100 381
166 381
100 403
166 403
381 28
381 403
381 412
100 105
166 94
166 105
381 105
166 187
381 187
166 175
166 437
166 461
28 412
403 412
412 380
28 187
28 411
28 105
287 380
287 108
287 202
108 202
108 20
202 20
202 56
202 459
247 304
247 329
304 329
247 79
304 79
304 224
329 79
247 466
329 466
38 79
38 224
38 390
79 224
79 390
224 390
38 271
79 271
224 271
390 271
38 466
38 156
38 307
79 156
390 156
44 271
44 350
44 156
44 489
271 156
271 307
271 489
259 116
259 300
259 17
259 46
259 420
83 300
116 300
83 423
300 423
116 208
116 274
300 208
300 13
116 17
116 46
116 420
175 423
175 437
175 461
423 437
423 461
437 461
175 94
175 105
423 94
437 94
437 105
461 94
461 105
175 356
437 356
94 105
105 187
94 356
187 411
411 212
411 475
411 370
411 184
411 231
411 386
187 356
187 373
187 388
212 475
212 56
475 52
475 56
475 340
212 231
475 231
475 386
52 56
52 340
56 340
52 459
56 459
340 459
52 216
340 216
466 371
466 439
156 307
156 489
307 489
489 424
156 279
156 462
307 279
307 462
489 279
489 462
307 206
424 211
424 234
424 288
424 238
424 316
211 234
211 288
234 288
211 17
211 420
288 17
211 32
211 238
211 314
211 316
211 451
234 3
234 32
234 238
234 262
234 314
234 316
234 451
288 3
288 32
288 238
288 262
288 314
288 316
288 451
211 339
288 339
234 255
288 255
17 46
17 420
46 420
46 208
46 274
420 274
420 339
46 84
46 223
46 438
17 314
420 314
208 274
208 13
208 76
208 335
208 382
274 13
274 382
208 223
208 438
274 84
274 223
274 438
208 294
13 76
13 335
13 382
76 335
76 382
335 382
335 356
76 294
335 294
382 294
76 183
76 230
76 270
335 183
335 270
13 223
76 223
382 223
382 438
356 373
356 388
373 388
356 183
373 183
388 183
373 240
388 240
370 184
370 231
370 386
370 240
370 86
370 118
370 297
184 231
184 386
231 386
184 86
184 118
184 297
184 351
386 86
386 118
386 297
386 351
184 240
216 122
303 371
303 439
371 439
303 88
371 88
439 49
439 88
228 89
228 266
228 378
228 249
228 132
228 398
89 266
89 279
89 378
89 462
266 279
266 378
266 462
279 378
279 462
378 462
89 206
266 206
266 255
279 206
378 206
462 206
89 132
89 398
266 132
266 398
266 460
378 64
378 132
378 398
378 460
378 249
206 255
255 3
255 238
255 262
255 316
255 66
3 32
3 238
3 262
3 314
3 316
3 451
32 238
32 262
32 314
32 316
32 451
238 262
238 314
238 316
238 451
262 314
262 316
262 451
314 316
314 451
316 451
3 339
3 416
3 425
32 339
32 416
32 425
238 339
262 339
262 416
314 339
314 416
314 425
316 339
316 416
451 339
451 416
451 425
262 66
339 416
339 425
416 425
425 84
425 438
339 293
416 25
416 293
416 336
425 293
425 59
84 223
84 438
223 438
84 294
223 294
438 294
84 59
438 59
84 293
305 139
305 229
305 230
305 270
305 498
305 326
73 113
73 139
73 183
73 229
73 230
73 270
73 394
113 139
113 183
113 229
113 230
113 270
113 394
139 183
139 229
139 230
139 270
139 394
183 229
183 230
183 270
229 230
229 270
229 394
230 270
230 394
73 82
73 240
73 317
113 82
113 240
113 317
139 82
394 82
394 240
394 317
73 158
113 158
139 158
139 326
229 158
229 326
230 158
394 158
394 326
82 240
82 317
240 317
240 86
317 86
82 375
82 491
317 375
317 491
317 85
82 158
317 158
86 118
86 297
86 351
118 297
118 351
297 351
86 174
118 174
297 174
351 142
351 174
86 37
86 129
86 449
118 37
118 129
118 449
297 37
297 129
297 449
351 129
142 174
142 221
174 221
142 122
142 245
142 456
221 122
221 245
221 456
221 70
174 37
174 129
174 176
174 449
122 245
122 456
245 456
49 88
49 121
49 241
49 379
88 121
88 241
88 379
121 241
121 379
241 379
121 180
121 58
121 74
121 476
180 249
180 64
180 132
180 398
180 460
249 64
249 132
249 398
249 460
180 74
180 239
180 476
249 239
180 58
64 132
64 398
64 460
132 398
132 460
398 460
64 74
64 239
398 239
460 239
66 80
66 361
66 131
31 80
31 361
80 361
31 25
31 177
31 261
31 336
80 25
80 177
80 336
361 25
361 177
361 336
31 48
31 282
31 343
31 414
31 452
80 48
80 282
80 343
80 414
80 452
361 48
361 343
361 414
361 452
31 246
31 324
80 324
361 324
31 131
80 131
361 131
25 177
25 261
25 293
25 336
25 359
177 261
177 336
177 359
261 293
261 336
261 359
293 336
293 359
336 359
261 182
293 59
293 341
359 59
359 182
25 246
25 324
177 225
177 246
177 309
177 324
261 225
261 246
261 309
261 324
336 246
336 324
359 225
359 246
359 309
359 324
261 35
261 54
261 98
359 35
359 54
359 98
177 282
177 343
59 182
59 341
182 341
59 306
182 306
341 306
341 498
182 35
182 54
182 98
182 213
182 237
182 413
341 54
182 225
182 246
182 309
182 324
306 498
306 111
306 115
498 9
498 111
498 115
306 35
306 54
306 413
498 54
498 413
158 326
158 137
326 137
326 41
326 194
137 375
137 491
375 491
137 85
375 37
375 85
375 129
375 176
375 181
375 207
375 449
375 454
491 37
491 85
491 181
491 207
491 449
491 454
137 11
137 63
137 203
137 323
137 387
375 11
375 63
375 387
491 11
491 63
491 387
375 119
375 463
375 497
491 119
491 463
491 497
137 194
37 85
37 129
37 176
37 181
37 207
37 449
37 454
85 129
85 176
85 181
85 207
85 449
85 454
129 176
129 181
129 207
129 449
129 454
176 181
176 207
176 449
176 454
181 207
181 449
181 454
207 449
207 454
449 454
176 70
207 70
37 119
85 119
85 426
85 463
85 497
129 119
176 119
176 426
176 463
176 497
181 119
181 426
181 463
181 497
207 119
207 426
207 463
207 497
449 119
454 119
454 426
454 463
454 497
207 186
85 11
85 387
70 186
70 280
58 74
58 179
58 239
58 476
58 138
74 179
74 239
74 476
179 476
239 476
74 448
179 448
179 114
179 138
10 131
10 275
10 278
131 275
131 278
275 278
10 414
10 452
131 48
131 414
131 452
275 414
278 48
278 414
278 452
10 444
10 469
131 444
275 469
278 444
278 469
10 210
275 210
48 282
48 343
48 414
48 452
282 343
282 414
282 452
343 414
343 452
414 452
282 225
282 309
282 324
343 225
343 309
343 324
48 127
282 127
282 441
343 127
343 441
414 127
452 127
282 178
282 189
282 290
282 366
282 435
343 178
343 189
343 290
343 366
343 435
48 444
414 444
452 444
225 246
225 309
225 324
246 309
246 324
309 324
225 35
225 54
225 98
225 213
225 237
246 35
246 54
246 98
246 213
309 35
309 54
309 98
309 213
309 237
324 35
324 98
225 178
225 366
225 435
246 178
246 435
309 178
309 366
309 435
324 178
324 435
35 54
35 98
35 213
35 237
35 413
54 98
54 213
54 237
54 413
98 213
98 237
98 413
213 237
213 413
237 413
35 9
35 115
54 9
54 115
98 9
213 9
213 143
237 9
237 111
237 115
237 143
413 9
413 111
413 115
413 143
413 431
213 87
213 400
213 408
237 87
237 334
237 400
237 408
237 429
413 87
413 400
237 130
35 178
98 178
213 178
213 401
213 435
237 178
237 401
9 111
9 115
9 143
9 431
111 115
111 143
111 431
115 143
115 431
143 431
111 41
111 479
115 41
431 5
431 41
431 194
431 252
431 479
9 130
9 233
111 233
115 233
143 130
143 233
431 233
431 465
9 87
9 400
143 87
143 334
143 400
143 408
143 429
5 41
5 194
5 252
5 479
41 194
41 252
41 479
194 252
194 479
252 479
5 11
5 63
5 203
5 323
5 392
194 11
194 63
194 323
194 387
252 11
252 63
252 203
252 323
252 392
479 323
5 276
5 455
5 465
41 465
194 465
252 276
252 455
252 465
479 465
479 233
11 63
11 203
11 323
11 387
11 392
63 203
63 323
63 387
63 392
203 323
203 387
203 392
323 387
323 392
387 392
203 396
203 472
203 497
323 472
387 396
387 472
387 497
392 396
392 472
203 332
203 377
323 332
323 377
387 332
392 332
392 377
203 372
203 486
323 372
387 372
387 486
392 372
392 486
323 276
323 455
323 465
392 276
119 426
119 463
119 497
396 426
396 463
396 472
396 497
426 463
426 472
426 497
463 472
463 497
472 497
119 186
426 186
426 280
396 372
396 486
426 486
463 486
472 372
472 486
497 486
396 332
472 332
472 377
186 280
186 110
280 110
280 263
186 14
280 14
110 14
110 263
114 138
114 448
138 448
114 33
114 258
147 448
147 39
147 53
147 210
147 346
448 39
448 210
147 12
147 220
147 342
147 436
147 345
147 487
39 53
39 210
39 346
53 210
53 346
210 346
39 469
53 469
210 469
346 469
39 345
39 487
53 345
53 487
346 236
346 345
346 487
346 436
444 469
444 492
469 492
444 127
444 441
492 127
469 345
469 487
492 345
127 441
127 189
127 290
441 189
441 290
441 366
441 435
127 190
441 190
441 68
441 109
178 189
178 290
178 366
178 401
178 435
189 290
189 366
189 401
189 435
290 366
290 401
290 435
366 401
366 435
401 435
178 400
178 408
366 408
401 87
401 123
401 334
401 400
401 408
401 429
189 109
290 109
366 109
401 109
401 173
401 61
189 190
290 190
87 123
87 334
87 400
87 408
87 429
123 334
123 400
123 408
123 429
334 400
334 408
334 429
400 408
400 429
408 429
87 130
87 233
87 344
123 130
334 130
334 233
334 344
400 130
400 233
408 130
429 130
429 233
429 344
123 61
123 153
123 443
334 61
334 153
334 443
408 61
429 61
429 153
429 443
87 24
87 152
334 24
334 152
429 24
429 152
123 68
123 109
123 173
123 268
334 173
408 109
408 173
429 173
130 233
130 344
233 344
233 465
130 24
130 152
233 24
233 152
344 24
344 152
344 485
276 455
276 465
455 465
276 377
455 377
276 81
276 104
455 81
455 104
276 71
332 377
332 372
332 486
377 372
332 71
377 71
372 486
263 286
263 14
286 14
286 302
286 385
33 258
33 397
33 432
33 434
33 474
258 397
258 432
258 434
258 474
397 432
397 434
397 474
432 434
432 474
434 474
33 342
258 12
258 220
258 342
397 199
397 244
397 265
432 199
432 244
432 265
432 440
434 199
434 244
434 265
474 199
474 244
474 265
474 440
33 421
258 192
258 421
397 421
432 192
432 421
474 192
474 421
12 220
12 342
12 436
220 342
220 436
342 436
436 236
436 345
436 487
12 47
12 192
12 421
12 473
220 47
220 192
220 395
220 421
220 473
342 47
342 192
342 421
342 473
436 47
436 192
436 473
12 200
220 200
436 200
236 345
236 487
345 487
236 200
236 201
236 232
236 0
236 47
55 60
55 154
55 190
55 269
60 154
60 190
60 269
154 190
154 269
190 269
55 68
55 268
55 348
60 68
60 348
154 348
190 68
190 109
190 268
190 348
269 68
269 268
269 348
55 352
60 352
154 352
269 352
55 338
55 483
60 483
269 338
269 483
68 109
68 173
68 268
68 348
109 173
109 268
109 348
173 268
173 348
268 348
68 61
109 61
173 61
173 153
173 443
268 61
68 483
268 483
348 338
348 483
173 30
268 30
61 153
61 443
153 443
153 24
153 152
153 485
443 24
443 152
443 485
61 30
153 16
153 30
153 97
443 16
443 30
443 97
153 168
443 168
24 152
24 485
152 485
485 496
485 77
485 167
485 168
485 164
485 97
81 104
81 374
81 496
104 374
104 496
374 496
81 289
104 289
374 71
374 289
81 18
81 164
104 18
104 164
374 18
374 164
496 18
496 164
496 204
496 480
374 4
374 299
81 77
81 167
104 77
104 167
374 77
496 77
496 167
71 289
71 198
71 285
71 331
71 4
289 4
289 299
289 18
198 283
198 285
198 331
283 285
283 331
285 331
198 385
198 490
283 302
283 385
283 490
285 385
285 490
331 385
331 490
283 51
283 133
285 133
331 133
283 135
283 450
302 385
302 490
385 490
302 135
302 433
302 450
490 135
490 450
302 45
302 51
490 51
490 133
199 244
199 265
199 440
244 265
244 440
265 440
440 192
440 215
440 395
440 421
440 473
199 321
244 321
265 321
440 321
47 192
47 215
47 395
47 421
47 473
192 215
192 395
192 421
192 473
215 395
215 421
215 473
395 421
395 473
421 473
47 200
215 23
395 23
395 200
473 23
473 200
215 428
395 428
473 428
23 200
23 201
23 232
200 201
200 232
201 232
200 0
201 0
232 0
23 185
23 188
23 428
23 442
200 428
201 428
201 442
232 428
232 442
352 26
352 112
352 217
352 257
69 90
69 338
69 483
90 338
90 483
338 483
69 16
69 30
69 399
90 399
338 399
483 30
483 399
69 22
69 195
69 327
69 355
90 22
90 195
90 327
90 333
90 355
338 22
338 327
338 355
483 22
69 26
90 26
90 248
90 447
338 26
16 30
16 97
16 102
16 399
30 97
30 102
30 399
97 102
97 399
102 399
16 168
16 347
30 168
97 167
97 168
97 347
102 168
102 347
16 393
102 393
16 22
399 22
77 167
77 168
77 347
167 168
167 347
168 347
77 18
77 164
77 204
77 480
167 18
167 164
167 204
167 480
347 480
347 369
347 383
347 393
18 164
18 204
18 480
164 204
164 480
204 480
18 4
18 299
164 299
204 308
204 369
204 383
480 369
480 383
480 393
4 21
4 299
4 409
21 299
21 409
299 409
4 133
21 133
299 133
409 133
21 6
21 267
299 6
409 6
409 267
51 133
51 135
51 433
51 450
133 450
51 467
135 433
135 450
433 450
433 45
433 219
135 467
135 277
433 277
45 219
219 277
219 365
264 188
264 2
264 40
264 384
264 148
185 188
185 428
185 442
188 428
188 442
428 442
185 145
185 284
188 284
442 145
442 284
442 298
185 163
185 256
185 384
188 75
188 96
188 256
188 384
428 256
442 256
185 2
188 2
145 284
145 298
284 298
298 112
298 126
298 217
298 257
145 146
145 209
145 330
284 146
284 209
284 330
298 146
298 477
145 163
145 256
284 163
284 256
26 112
26 126
26 217
26 248
26 257
26 447
112 126
112 217
112 248
112 257
112 447
126 217
126 248
126 257
126 447
217 257
217 447
248 257
248 447
257 447
26 22
26 195
26 327
26 333
26 355
112 327
126 327
126 333
126 355
217 327
248 195
248 327
248 333
248 355
257 327
447 22
447 195
447 327
447 333
447 355
26 406
112 477
126 205
126 406
126 477
248 205
248 406
248 477
257 406
257 477
447 205
447 406
447 477
248 368
248 402
447 368
447 402
257 146
22 195
22 327
22 333
22 355
195 327
195 333
195 355
327 333
327 355
333 355
22 310
22 422
195 196
195 310
195 422
333 310
195 368
195 402
327 368
333 368
333 402
355 368
195 427
327 406
333 205
333 406
355 406
67 196
67 310
67 422
196 310
196 422
310 422
67 7
67 383
67 393
67 446
196 393
422 393
67 34
67 427
196 34
196 281
196 427
310 34
310 281
310 427
422 34
422 427
310 368
422 368
7 369
7 383
7 446
369 383
369 393
369 446
383 393
383 446
393 446
369 308
7 410
446 410
7 107
7 260
7 499
446 260
308 6
308 93
308 267
308 407
308 107
6 93
6 267
6 407
93 267
93 407
267 407
93 364
93 136
267 136
407 136
93 107
93 172
407 107
407 172
62 467
62 214
62 363
467 214
467 277
467 365
62 42
62 99
62 150
62 170
62 250
62 253
62 272
467 253
62 404
467 404
214 277
214 312
214 363
214 365
214 367
277 312
277 363
277 365
277 367
312 363
312 365
312 367
363 365
363 367
365 367
214 42
214 150
214 250
214 253
214 272
312 42
312 150
312 272
363 42
363 150
363 250
363 253
363 272
365 150
365 253
367 42
367 150
367 272
148 488
148 40
488 40
148 57
148 106
148 128
488 57
488 106
488 128
148 495
2 40
2 75
2 96
2 163
2 256
2 384
40 75
40 96
40 384
40 495
40 430
40 57
75 96
75 163
75 256
75 384
96 163
96 256
96 384
163 256
163 384
256 384
163 146
163 209
163 330
163 389
75 430
96 430
384 430
75 27
75 315
163 27
163 315
146 209
146 330
146 389
209 330
209 389
330 389
146 477
209 477
330 477
389 477
146 27
146 315
209 27
209 315
330 27
330 315
389 27
389 315
205 406
205 477
406 477
205 368
205 402
406 368
406 402
368 402
368 427
402 242
34 281
34 427
281 427
281 391
281 376
161 410
161 260
161 292
161 499
410 107
410 159
410 162
410 260
410 292
410 499
161 376
410 376
161 140
161 418
410 140
410 353
410 418
161 391
107 159
107 162
107 172
107 260
107 292
107 499
159 162
159 172
159 260
159 292
159 499
162 172
162 260
162 292
162 499
172 260
172 292
172 499
260 292
260 499
292 499
159 191
162 191
172 191
172 364
107 353
159 140
159 353
159 418
162 140
162 353
162 418
172 353
260 140
260 353
260 418
292 140
292 353
292 418
499 140
499 353
499 418
172 8
191 364
191 136
364 136
191 8
191 19
364 8
364 19
191 353
136 404
404 42
404 99
404 150
404 170
404 250
404 253
136 19
42 99
42 150
42 170
42 250
42 253
42 272
99 150
99 170
99 250
99 253
99 272
150 170
150 250
150 253
150 272
170 250
170 253
170 272
250 253
250 272
253 272
42 155
99 155
150 155
170 155
250 155
272 155
99 354
99 471
170 471
57 106
57 128
106 128
57 495
106 495
495 430
27 315
391 376
376 140
376 418
140 353
140 418
353 418
8 19
8 354
19 354
19 471
354 471
